3694
8412
8073
4916
8426
7972
7151
2056
3474
81
4680
3526
5495
9449
3485
4869
4287
9873
781
8740
142
1049
4421
8965
9356
5421
8111
2679
5812
8173
5666
7487
2093
2590
7139
1306
4268
8823
2703
1767
9647
4767
6966
6212
1735
2078
8033
9361
620
4373
8728
8642
2645
4732
9291
1177
9920
2113
9089
4332
4872
5294
6133
8173
5965
9999
7882
1946
6677
2930
4201
3496
9972
4747
2818
5090
59
3212
6827
3801
349
5252
2859
9701
8134
4920
4142
1289
4981
8298
3618
9322
7828
9439
6114
7141
4015
9166
7543
9103
3568
3119
1716
2484
4984
2298
9776
4965
3433
4854
5538
5588
8714
2612
9458
5756
3241
5886
3058
4052
7065
3350
8515
3837
416
2338
7231
6840
1577
1819
6480
3502
4235
1619
155
6184
2536
8604
8745
9297
8927
9654
9520
2508
3785
2619
1675
9742
3801
4518
6550
8592
3169
1601
6478
5401
689
8967
7180
1755
2293
4745
8060
6327
9697
2769
8685
1025
1087
9683
5195
9381
2776
6870
5517
2797
9221
7554
3987
1374
7690
5155
7938
1439
6807
8039
4525
8981
3230
4579
3334
745
4413
5838
687
7934
8363
7504
8903
9445
4531
8665
3744
9296
7821
6884
3378
2322
5599
2225
1442
6580
5074
1332
3841
2639
7774
1764
132
5741
3078
9491
6589
967
4455
9934
8859
9665
9493
3914
6699
3113
5779
6865
8131
6541
2023
2927
2758
9242
4556
3818
8526
7926
4222
248
6608
3412
2161
6541
9903
783
4917
7289
2051
6581
3355
4458
782
6017
5389
7199
2635
1224
4513
7860
3868
8677
3265
4551
5637
435
4891
9210
8220
986
1927
2950
6321
3303
4709
9091
3291
8760
202
3579
7707
5549
8288
4129
1790
8183
8954
6382
2063
5856
4337
3737
6059
6422
9428
4814
3609
1484
9011
5009
5683
8867
2462
5928
7026
870
9772
7389
6424
8607
1135
3744
6565
989
2381
2215
2030
2727
3126
2307
7739
1203
8246
8751
1595
7723
1466
8126
5428
9448
5951
1029
910
9122
554
5564
4763
3743
4333
5193
7245
9678
5411
1454
9611
1527
3021
926
2306
7017
9420
9792
2765
1966
4617
7463
9464
6312
5397
5424
8122
2689
4014
2529
5741
6390
4645
9671
8921
8813
891
2119
2395
9008
5063
1162
7553
7670
7684
9554
5327
2767
192
3847
8313
2614
5375
8269
1371
7048
3736
3064
4822
7401
7955
9335
1025
7881
5487
7946
1514
2526
9531
2816
2251
1435
437
596
4257
1655
2181
7645
8231
3394
7027
2243
2385
4317
3232
1646
2702
4380
2914
7498
56
9672
5666
5206
1262
3180
3473
4747
67
8821
6463
4742
2706
633
1340
6992
8757
9384
3061
5040
1661
3100
8713
3231
3479
2183
8996
3364
4669
621
9948
3510
4587
6844
592
6578
4755
6638
1961
4815
9702
4208
8264
4211
2797
336
2733
6907
2783
814
2990
1354
2604
9204
4810
3296
9275
5256
3566
5682
2441
7608
1092
5173
7411
4255
407
213
3479
1330
4495
6383
1947
3182
4254
3142
6924
7667
1889
9377
6066
8802
8021
6457
3261
288
9421
4745
5861
8959
3007
6956
5442
1032
5229
4833
3510
6973
8230
5547
5465
7156
3622
8603
3142
660
3415
4380
9904
4769
1235
698
6048
3020
236
365
8227
8669
898
5282
6422
8414
8553
3299
7495
9794
881
9209
740
9387
7966
3840
1193
4439
2986
7749
4233
1269
6493
7662
5735
569
1066
860
9667
4959
8682
3994
9156
1454
4943
3441
5490
8635
4506
9817
4920
7545
5024
3969
8033
1411
6282
4704
5838
9033
3026
5579
5616
5215
8293
4598
3028
3955
7061
4028
2075
6456
3340
7769
1901
8981
5870
8060
1888
5433
1900
9435
9185
1797
7407
9193
5958
4176
9966
5347
8626
5022
6632
7127
1306
7334
8058
9243
2432
1269
9426
7168
4352
6435
5856
8662
4403
3691
9922
6447
6171
7658
7181
5550
8438
3959
8696
9099
881
2793
2671
5026
7527
9685
4146
2052
3686
2123
4295
7322
1209
374
5655
5865
3190
8640
2616
9221
9235
3791
6853
8100
6549
4198
7495
1937
4125
3650
3129
3559
6944
6073
1388
4691
9123
4099
4517
5922
4052
4221
2315
8332
7116
3789
7157
6818
7324
9377
1929
7767
8321
329
3549
4544
7302
7748
9818
3071
4124
5420
8589
3223
2173
6550
4476
2374
3605
3372
7465
5563
6933
1543
8241
8794
2010
9928
4724
6930
9156
7882
7514
7892
9278
129
2953
5128
7013
4098
1738
3958
3471
7050
5422
9317
6135
8771
3830
4064
4510
1545
5110
835
993
7829
1607
8143
1473
2039
414
441
5975
1510
1793
7538
3776
8818
7569
6156
3891
7158
832
5887
6354
1988
5484
9599
9955
8474
827
5143
379
676
7617
3560
8715
8606
7345
7729
152
9063
945
3666
3355
3641
3010
2993
6232
2748
795
9286
1908
9931
1236
5456
3742
1658
9834
2947
4087
7715
6107
9610
4142
6753
1944
4557
9288
6155
3793
5144
5418
9659
4880
3416
6887
6279
6580
3416
8187
9818
3903
714
4861
1124
9289
5534
9420
8402
9604
3146
355
6071
9982
7078
8895
7821
9187
4907
7213
4234
7580
7784
6652
8111
4873
5818
4356
8778
3847
9399
1875
6446
5686
9087
716
3226
735
1383
7230
374
4533
4214
5700
3638
7465
9417
478
9090
861
795
1595
1644
262
8176
8261
793
6042
224
7094
9872
2675
2698
1687
5188
7792
3213
9595
3323
795
6123
3044
2717
979
3172
7220
4131
5811
210
6579
7643
9429
8012
6141
1236
5447
4535
7165
4745
4037
9509
3184
5813
5352
674
8172
6558
5591
1292
3204
3467
665
7187
5789
7397
9717
471
8410
8272
8541
777
7664
4733
134
254
8354
2395
7135
2675
6146
3250
1199
937
1560
7733
2899
3500
4637
1066
8553
4734
2206
7461
2465
3442
1159
5114
3311
7546
6472
7757
4234
1598
2798
9045
9399
3089
7509
2832
9628
1456
6259
4036
5595
2908
698
7277
5528
5567
7539
6891
6491
6722
5234
6353
4258
2844
6019
3694
3720
3781
4214
8657
6087
8480
8650
183
6167
8044
4915
5709
8945
6751
552
827
9710
6096
9517
1853
818
4951
5382
1053
2193
9696
3416
5035
3732
6759
1502
770
5045
9899
6141
3298
7281
4475
6286
9302
6756
1786
5493
7416
1268
7634
6356
9567
9385
8082
9016
6644
6642
8120
7954
5035
5185
3214
7532
7813
3272
7434
5403
6076
1403
8084
3883
2601
3655
5062
851
3863
2312
1225
363
4092
1633
8535
4163
6251
1181
4039
5002
5278
5216
315
4705
1882
7865
9513
1848
6421
529
4389
1418
917
4223
9998
331
4632
1045
6788
469
8851
3987
7074
6730
1807
1756
6908
7434
9491
5160
4877
8849
3558
1048
8859
1034
6841
2247
7641
5817
5498
8577
7054
5736
341
2760
9821
6051
4367
9825
2656
2747
7734
7970
8612
7244
4578
8670
5978
9369
6809
4351
7952
771
9945
6571
7717
6480
5175
4119
5291
2748
9528
9223
9133
5185
2953
6225
9551
8974
4099
2509
4316
5090
3154
2187
835
7068
1968
1436
7878
6356
1690
5976
2282
4190
7994
9327
1706
6597
7877
3970
2921
1177
6254
5493
6586
8880
8738
2261
2483
7689
2840
6956
1679
5769
3339
9636
8486
5796
2613
3991
2177
2768
9616
3827
6136
6946
8036
8476
7017
9779
2373
4366
7862
7526
5322
4303
5774
8314
9177
5655
61
733
8184
2620
1608
4242
1963
4275
5791
5580
6842
7407
6611
5111
4428
6785
589
8716
1482
1514
7296
3825
9163
2408
6725
398
8287
3450
6819
5896
6903
7032
1340
7451
802
7368
7242
8855
9360
6694
3808
7158
3090
5355
737
4941
2557
6031
7792
1056
5555
6270
8648
4770
1383
6449
6349
8464
8010
9569
549
3656
2357
1185
511
7146
2843
3810
8454
6703
4919
3571
8078
3852
5086
6971
7347
171
7365
8613
9044
5192
1083
5788
786
7480
2461
8014
1340
8990
8737
5988
6830
5573
4393
8004
5504
7518
5267
3798
7839
2412
9289
5489
1164
9515
220
301
5346
4228
5152
6131
1333
3629
3591
3242
2542
9787
8038
3273
8582
7340
2552
3041
1674
8661
1081
9897
8791
8161
4297
7709
1510
7405
7947
4939
7487
7267
8926
2219
8108
6879
2454
8626
7905
4423
1337
4234
6581
2849
9646
2577
4305
7988
7751
4517
5592
8702
5516
798
3620
6236
1997
8625
8167
3554
4715
9888
7499
8562
8572
2014
1157
6916
2975
9525
733
9185
8190
1259
710
8122
9884
8137
8025
9628
7422
9167
5767
8308
5749
8282
3823
8568
4605
8405
3682
7168
8385
3691
3653
3998
2783
5258
4209
2854
7698
8448
6942
3090
9722
6308
2408
6236
4402
7990
1965
9253
7717
788
651
156
8205
5632
3416
581
4021
1544
5799
266
4560
8643
2351
852
9962
4095
7253
8490
5132
7478
4837
4565
1507
8898
8883
2369
9934
143
7384
7160
3948
9003
9441
3484
121
6925
2356
4553
1558
3618
3471
6050
7523
6983
2308
4898
7108
8066
1790
6822
2109
619
73
1134
4477
1187
9692
8357
4449
7480
8267
4017
205
6204
4405
2082
4793
7487
6958
2831
8657
3151
6574
4236
7431
7739
4057
7234
9235
7987
6329
853
6471
7856
4636
6792
5973
1641
9319
6910
9501
7290
7256
7222
3079
7714
6486
1916
8548
5123
5050
6371
4383
4066
8648
5976
2010
7919
3879
7118
7492
3098
3894
3469
2332
7856
6878
2343
7242
309
8219
9365
8743
1682
2308
7043
4048
3406
4350
6718
6955
7597
4184
9858
1993
3
177
9498
5489
1486
6468
6097
2047
3991
6932
7755
2958
2145
7484
7849
4466
9315
4881
5556
1866
8735
3658
3733
6836
3229
3028
3471
5465
4632
8360
9380
5243
8745
541
2036
3466
2965
7740
9644
7429
7426
5458
8598
3856
4320
1022
5444
6322
5647
5444
4522
6346
2462
8788
5068
2721
3887
4064
871
1301
3300
8047
3177
8171
822
6705
421
7332
8453
2774
3642
2954
8559
8779
7831
9936
9049
1216
4449
8823
5227
9935
1459
252
2099
1351
2179
6873
8643
5428
7700
2074
7970
4404
6347
4794
4756
7855
5501
4096
9693
6735
1464
6873
3467
920
7918
4922
5900
7453
4288
2505
8285
4763
5482
1201
1486
2266
9958
6950
7023
3273
7442
9831
5915
6553
3025
409
6398
1240
2733
7684
5630
2338
3094
695
5071
7310
861
2853
8461
1512
727
5113
8112
5182
833
4012
4713
33
7857
3363
6726
6118
3829
9655
3762
5499
316
9477
4251
1443
7007
2017
898
9219
5282
9945
9977
4009
5162
1225
2261
2491
7563
1385
2845
5156
2763
8329
4559
5358
380
4568
5633
6333
9126
8841
6033
185
446
3735
2748
6325
670
4367
9622
476
4042
2142
4800
2365
6121
5145
4802
7759
1910
5921
7260
7200
9952
623
871
8877
2896
4517
8489
3133
2878
5635
1337
7509
7965
5581
3534
9634
4403
4796
7432
8452
3680
4338
6564
6026
2391
7422
1644
5268
4566
2284
3438
9476
8269
1464
4917
5429
8866
7749
8743
6345
62
6121
4658
3946
4939
594
5291
1838
7290
3546
2055
7795
1339
6465
1537
5059
9153
7015
3355
9855
4613
4327
8324
151
9469
1531
5400
1097
9854
563
7646
5020
8789
7531
9301
2686
8169
8930
591
8124
5625
3822
4327
9592
76
8692
7122
1581
3424
1272
7780
875
734
620
9329
4348
1882
8388
3540
4652
7797
2005
1911
4810
4692
9770
3289
4458
5150
1474
2093
7141
5821
2172
8312
1140
7561
5483
6544
5798
9378
5211
4022
7597
2296
3332
3982
1764
6011
5594
4862
7956
515
7010
243
7391
8708
7345
2139
6231
5573
897
1455
6721
480
4996
9487
3973
5697
8954
515
1327
8349
1598
1789
1454
9536
2327
4570
6525
1992
442
1494
9128
9203
9890
7067
4413
8104
4599
9735
7739
3749
4395
9603
5361
6489
8466
4621
1934
5744
1618
6073
1924
2210
4055
9719
2507
4120
6236
3072
6696
2053
7308
4331
9204
5892
9850
2438
8928
30
9510
4595
7774
8510
164
9574
2753
5451
2478
259
7802
9594
407
797
5299
6325
9532
8334
2225
1377
7306
9052
4079
728
3277
1791
3538
8460
7921
3822
5310
1378
9758
227
7893
4447
8264
8242
2008
9399
4437
1620
7595
4422
9315
6215
6556
1286
4996
3446
3387
9965
3053
5736
427
6087
4818
16
8775
7165
3770
5780
7924
9938
3257
8195
5855
6169
2614
8710
7058
5308
535
6568
2115
3729
3759
1746
3206
4201
2154
8585
8538
6491
7702
3922
1134
948
2089
8709
2708
1445
8403
694
7870
5901
8875
4031
3079
5624
9017
3440
2080
4462
859
7703
3712
5724
3717
5680
5486
4476
6754
741
3860
2080
2747
736
891
482
7213
2362
2753
123
921
5853
9074
6352
4722
3062
7814
9697
8920
9122
7484
1914
8641
1421
3726
4588
4395
5595
322
9835
4396
9374
1136
3860
6605
7994
1751
6060
6503
719
3338
6472
6854
2223
2997
7412
7618
9209
898
4221
4605
7728
5375
3542
4901
14
4019
2991
7395
275
6161
442
8160
1274
3140
4259
6661
532
3456
1516
3275
4405
7934
1
193
4617
2991
8057
8728
9227
6176
66
3747
4676
215
5100
6600
7160
5784
7177
8733
9137
5847
2020
2484
1061
6155
3578
2783
9603
6807
1808
4841
5049
7755
5245
4727
7213
673
6478
1725
6953
4424
6530
7302
3751
5958
1529
6968
4848
9612
2215
7227
4190
5306
3072
7974
5464
1871
1380
2682
8205
7574
1126
6354
1399
2532
3617
7557
8824
7931
5461
8336
9471
2966
5243
7415
2486
5583
9505
1636
7601
8589
2314
7835
6260
4289
8049
6164
9610
4352
2338
3587
3218
7745
340
8834
1018
6528
2759
3169
4918
6522
5794
4444
6568
7283
8987
3264
7887
6487
3388
5565
7061
746
3447
5051
5640
1710
3887
6156
7275
4632
3891
1747
2220
8684
6183
2307
2276
5746
4381
6496
2480
9043
9026
8562
6918
4272
3644
9444
7203
6547
785
3536
9477
7888
5399
6532
9807
6513
7994
6177
3914
9200
5189
9446
5658
3299
8727
7542
5730
9589
175
2732
2393
6772
6107
7615
7660
7909
8007
8957
6371
3736
3098
6276
6309
4422
5760
8456
7755
9688
1520
744
674
11
498
6882
3096
9671
3003
2425
2543
7343
7658
2801
8744
4828
2918
2659
5305
6353
9078
2544
9946
9359
3553
3649
8441
6277
8279
8234
6134
8174
5926
4744
1373
2204
6449
4828
6330
6042
1986
8829
1965
3895
9259
6476
2789
9232
8271
531
1101
2215
2748
8022
888
8643
2371
9716
7517
2106
5923
3747
5496
1398
1842
1728
4405
9818
6021
7664
3397
3695
9005
5852
9877
4548
5615
2049
3366
8161
240
2732
9256
9233
4057
8062
4521
3027
7065
8556
1712
3294
2712
392
6722
4240
8169
7746
5734
4960
8937
7351
9008
3929
2236
6050
7423
7351
6879
7570
3344
1875
3950
1223
7628
554
9516
4166
4196
1694
2724
1854
4472
8927
4431
5962
5813
3535
6394
5536
668
9287
5681
5594
1085
6495
5339
5339
5547
4995
9211
404
1469
7767
9126
1895
8162
9416
4454
9328
7027
3780
3228
8452
8011
4945
2199
4452
6232
9229
5663
7078
2561
9083
1501
2793
3737
4260
3340
4293
6888
3227
7285
9057
9444
6983
721
3389
1615
773
6977
42
1233
5519
1269
3123
2625
3515
8291
4373
7455
2857
64
7423
114
2085
715
2947
6912
9313
7573
2290
9523
6889
4086
1783
7583
1432
9959
7645
9754
9111
5324
7046
7790
7580
1742
7851
9884
2585
281
3216
416
8316
8078
7568
3653
4135
7275
2674
8764
8751
1404
3754
2413
4457
2229
272
8001
7927
3811
737
9306
8971
452
5495
6569
9678
3411
5089
4310
2188
8135
356
7774
7787
414
6606
8218
2161
5229
9804
1021
9701
6999
5848
1154
1185
9704
8245
4330
9108
4847
5336
5875
2188
4408
1674
1723
669
6118
2913
6899
1196
7574
4914
7072
2026
859
4771
1223
8235
939
1516
6550
9800
6224
5426
2166
6532
7640
9080
1035
4670
4734
1385
4022
8048
6404
3012
2682
6662
6738
1922
6847
6273
9394
1842
2385
1114
6106
1635
8966
6671
4100
2078
5990
2499
6750
6608
2030
4780
6523
9311
5302
9384
4688
5983
5666
8289
4530
3631
7865
2912
8178
1333
2257
5101
5731
1028
6659
2404
5629
4874
8053
2484
481
5440
2883
2981
6289
2656
8212
8717
7552
2154
5210
7100
9468
7212
1288
5629
9029
5189
7687
6716
4439
2226
3531
6368
8981
9014
959
6474
5337
8927
1032
7076
7226
4053
2576
5391
4159
1325
6120
9101
8552
6921
1469
3561
5604
1786
4440
9170
5278
7485
4421
4829
9601
1428
5681
8013
6056
5067
7336
9630
2013
7093
4099
8987
9444
3415
2523
7446
957
5495
3774
7320
8842
4619
3265
5513
130
1969
6767
8625
6875
3824
6131
4595
9008
6608
5680
1132
5254
898
9251
2116
9803
9843
453
3313
8375
9581
8690
7087
9775
3156
6420
6184
1710
7732
4893
696
5745
1079
9126
6058
9260
1764
2145
7156
8370
933
6546
4670
1684
8919
6305
6742
2239
789
7163
6580
35
9993
3961
7243
4460
8816
2765
9211
1646
1624
4418
6977
6273
5929
1488
3822
8066
6380
350
2282
7183
3367
6264
5887
3836
1436
4561
6417
1620
4310
1320
3539
3104
4327
4192
3450
7528
3370
973
7781
4785
5268
2703
7323
244
2045
2463
968
1655
3563
9520
2637
4730
3019
7274
5887
9757
2735
2314
3690
3809
2055
8649
8990
9292
2596
6317
5822
5339
4595
6632
2214
1933
8784
689
6764
118
6207
5971
3883
3268
4181
6318
8248
3725
9209
5182
1204
7162
4865
289
633
7173
44
3871
8860
7312
761
8847
954
8266
9621
4334
264
2499
7873
8027
3825
3297
4222
7666
1826
3315
6692
673
3256
1699
6140
9566
1198
7506
8867
8950
9603
442
8783
402
6767
5785
2490
6663
8951
1763
9587
7410
5179
7235
6307
5992
6551
8301
3908
9892
6483
2356
7139
8433
5700
841
8917
8865
9692
6767
4624
8087
2608
1445
5719
2325
536
1962
9811
1476
3820
6787
5953
8545
6941
3766
7125
7684
9822
5488
2515
6482
2070
7979
4007
639
6445
9413
7253
1520
3853
6559
1025
5974
4289
8816
2070
160
2743
222
4986
9029
2659
2004
9524
5029
3901
9026
7948
8119
9113
2755
3835
7748
1856
8453
6608
453
5286
4511
9558
1305
6445
360
7369
3316
9108
5662
8686
1817
7690
5151
483
5162
1000
4674
1680
860
7607
7304
577
1686
3478
5639
1338
7741
7800
7258
8686
7277
456
1094
7307
4428
3748
1430
971
7533
5883
3094
1101
4056
2318
6932
4146
2015
7199
308
8549
3595
4070
9863
1906
3402
5419
2108
4298
4272
7989
6068
3672
3691
8013
1297
6203
4953
328
2831
6680
2033
3456
5679
8620
3225
3109
5666
3390
6658
5123
6539
5191
1352
1122
2716
3242
6555
8237
1726
9892
5714
16
2025
3156
5980
5881
3797
3313
9224
7599
4007
4056
5585
4187
5806
340
8750
4278
6551
1029
6732
1875
4674
1787
7672
4071
3372
3966
2061
3527
1483
599
1552
3136
7637
1030
4603
8070
9740
9322
5541
9126
3505
9811
1605
9324
6487
2776
1528
8328
616
3975
4130
3341
5544
6047
7370
2284
6996
3988
3595
8250
7302
3498
8081
1608
2581
5562
3255
1008
9502
2532
9637
179
4132
3829
8791
8226
5623
7904
942
6630
3457
2301
8006
6924
4502
5584
362
3045
9742
7375
5443
4302
198
1127
7357
2889
2636
8442
9630
2847
3188
146
1747
3518
5720
6857
8712
5079
2387
6755
3193
6343
5359
6286
1498
9237
1912
3694
9752
2749
4127
3885
5891
9171
8195
619
6476
7694
3272
8316
50
274
2634
5573
9540
6676
7752
9809
3246
7600
1503
5902
2521
4421
1987
2982
4849
3320
5177
6069
8968
7297
5
7562
7021
52
458
3601
8479
4396
1841
2791
289
7165
7721
6689
6925
480
4995
447
1865
3975
5192
2295
340
635
9723
6696
1408
3409
2533
7670
6057
7757
4548
7828
4785
1289
1392
6732
7757
5517
9835
7914
2690
2209
6524
4961
3201
121
2799
5481
3785
8463
9418
19
2761
9957
2258
1144
633
8943
4523
6833
2734
4182
682
2426
2838
391
8137
3787
4370
3889
2451
8977
7575
9142
5907
4222
9652
3795
9662
7301
6699
3020
7247
491
3702
4834
4832
8823
9823
1456
3769
5520
1542
1052
9899
1261
4650
2858
7818
4818
1817
9716
9179
3259
4269
231
7642
4504
3060
5715
6358
5128
1937
8514
8378
7533
5891
6501
1877
4103
9145
8193
9547
9885
3418
7521
2612
7894
6174
6793
1171
6592
9460
2831
3748
8102
4174
949
5322
9139
1277
7641
7745
5705
5102
7297
7272
6856
9505
8404
5987
5550
7093
5383
8962
5364
3733
4814
9506
8671
1114
9100
3834
8190
4369
4856
4087
9778
4628
9033
757
9412
9358
1270
7270
4503
1388
4024
7060
4925
8244
5066
2849
5587
3093
7885
476
2859
555
8987
3959
6002
3116
6319
1105
123
298
2348
7156
7231
5792
7819
7250
8186
8023
2893
3036
259
8845
9865
1803
3501
3660
9038
1344
1005
7109
8712
7607
5109
8655
6352
4825
7555
1834
5972
2929
7087
173
3364
2058
4158
5676
7865
7586
3313
419
3659
168
4025
8331
9110
6491
9468
5007
5492
5715
7491
7107
5707
332
3739
4235
9157
1691
7437
5284
9319
5191
5235
1662
646
172
5393
9198
315
8956
1320
274
6954
8023
3197
1510
1874
3115
493
2477
4959
4647
4649
9899
7458
6736
753
1429
3607
2797
9725
9824
4456
2778
9724
9731
8917
8865
9176
1686
7421
4796
5292
6779
7468
8278
3381
8478
554
3271
9196
2632
1293
8372
728
5846
8297
7482
4966
785
7058
7867
2656
6328
6871
71
4845
9544
2777
6251
6508
96
2539
6855
364
7818
3967
9107
4288
4853
4803
307
3358
8063
2290
5886
7966
7860
9988
3798
8411
3172
2014
9615
4363
2687
5812
8100
3114
8506
4076
343
9828
2085
2447
9516
3974
4795
5514
11
7839
3838
7291
3011
3131
8867
5915
994
8745
949
1941
3713
2623
6799
5685
4743
7380
9887
4729
6408
5372
2041
3692
345
7489
2069
9418
7024
8111
3570
6348
8540
5251
4019
5784
6229
9141
1494
868
1118
1855
2190
4146
1553
7401
6511
1770
4554
6007
919
5233
4137
2578
6771
3242
372
5566
7505
597
663
7974
3
3286
3722
7455
2820
7228
8272
5244
3926
9604
6508
89
9381
9103
4047
7252
1367
5322
9719
913
1414
8272
4241
9480
9530
4807
9828
7671
3559
4231
6817
9587
4889
2223
4281
8545
7156
2445
5305
8516
5752
3103
105
6921
4673
8273
3404
3464
6736
5454
7439
8535
3873
2030
739
9636
9707
2863
3099
7431
6525
2381
3055
6070
3575
9441
8923
6496
3463
1584
366
3725
7706
8449
6195
3327
2746
9790
803
3852
4835
3598
3298
3082
2062
9206
9165
6503
4500
7589
3846
3734
8556
1434
6258
5837
9762
1451
1711
9698
8344
217
5944
9789
910
1298
4309
9487
9801
5385
9815
6552
8301
9954
3267
8650
7598
1617
1617
9743
2248
1939
7047
4516
5712
16
9388
4797
5336
4274
7941
7644
6570
3369
4890
6931
4309
1041
382
8011
634
1797
6010
3559
7687
6638
3664
506
3807
6842
6606
8861
4797
5980
4572
1721
7381
6357
6331
4737
1308
6595
8931
2340
7054
5090
9774
5645
9197
2885
3503
5628
1606
7766
1791
7714
8036
2598
703
9587
5701
2935
2344
4074
1762
5254
5805
3948
4286
2859
6189
4057
5492
9208
3108
1263
2916
5039
3739
5604
1720
4765
8095
8109
3086
3211
8558
3429
7790
2921
4628
6503
7652
3716
2381
7860
8324
192
1193
110
3296
2935
3235
2632
3824
2995
895
1943
348
229
3592
1438
3163
9473
1346
7640
1161
7174
5198
7530
5621
2242
3241
3690
3694
4163
870
2573
5745
1669
4519
3170
732
9184
6571
2435
8657
9178
1164
731
2523
5422
7000
4419
2506
6737
3686
8440
4457
507
2199
4177
1568
3774
9913
210
1563
4023
260
3867
8988
9244
2800
1898
299
7284
3877
3806
5149
4833
5413
5820
3895
2201
7941
6248
1258
1426
9150
6447
2186
8323
6461
990
5365
8303
2847
5475
8178
7949
7849
4449
1026
9896
3265
2251
1171
6199
6288
493
7329
176
1431
3723
2135
2487
6587
5038
679
9438
2408
5643
17
5921
8020
1389
3231
697
6594
886
3407
1663
3555
3858
3727
9820
7389
3361
2486
7346
3391
7691
2110
768
403
2233
1664
7481
7713
6770
3254
9992
5469
4590
5434
4743
2620
924
7704
9447
7698
6062
4046
8460
2630
4039
6960
3718
8549
5052
6618
1036
3087
7246
3963
6635
8989
9474
8825
6798
5249
5048
8217
868
8164
5076
6312
9963
7602
1958
332
6418
1103
3636
6902
3027
6552
8399
9419
9110
5301
8565
1917
6835
7651
4582
1193
8056
3182
6704
7287
2338
5519
3884
9001
5331
2507
6329
8881
7424
5954
2210
6637
9149
4397
7613
157
9178
1808
5488
1957
6192
9382
7953
8813
6048
1759
4900
6709
5738
1893
7586
3729
1818
9444
31
441
2582
3139
6057
8003
6408
7051
1503
133
4623
2585
2506
2442
7347
4824
1693
2532
8203
6206
1980
3221
2144
2953
5858
6788
57
8959
5564
4059
61
7664
7773
11
5356
4369
6433
6299
5646
839
202
6133
2143
6135
266
2050
7457
6027
9406
6030
5989
8924
6218
6315
2670
8714
7459
1440
1574
7917
3739
8622
2191
9057
2134
8025
9269
8100
2422
3056
8306
7579
9426
980
6059
7998
8715
3920
9754
8932
810
1553
1226
5649
2554
9158
6
8740
4384
144
8134
972
2823
8701
850
9337
2541
5247
2311
2941
930
7192
8034
2866
4239
9110
9944
9240
8269
9869
2348
5119
2804
2400
7576
1839
4580
537
4228
5040
5801
7725
2344
4496
3766
1483
4175
3500
4927
1318
1076
674
6980
7232
6489
5902
4228
1082
2560
4386
3102
2199
4616
5015
1085
3625
4457
5451
3588
6308
3296
2708
5765
8190
208
772
1192
2316
519
5724
6454
1942
7003
8443
5169
6939
2395
1349
4722
3140
3530
1530
2739
7703
7274
9932
8561
5954
7777
4906
6481
3711
3780
460
2427
9986
4949
272
9771
8888
1477
7347
274
1202
6031
7160
2495
3955
5881
2570
4254
3497
6383
4377
6656
4510
1278
2326
5522
29
2636
8469
8873
7374
3833
7469
573
3408
1635
7499
2149
6769
9714
3576
8302
1804
881
9826
1296
445
5438
8872
2181
9879
1663
2571
3451
711
5362
2694
1544
7695
1786
4898
5590
7693
9929
3442
6497
2800
2114
970
2169
6242
5666
5750
8853
6853
9570
5027
8880
3397
446
4835
4624
8777
8324
4650
9285
9839
4816
3798
8845
4505
7951
8955
3636
2129
3819
4451
6634
2505
8852
6514
6573
3987
4377
2752
2505
374
7148
260
2092
5814
4467
2393
3592
792
9255
6779
4657
2916
1190
2092
111
9719
2355
5326
8932
9855
4455
7094
2946
4822
7526
1583
783
7
9024
60
1852
1465
4483
1215
2591
3531
4367
2851
9378
5381
1794
5786
5432
4515
3136
6434
8240
5753
3152
2619
9628
7575
2297
144
988
9953
9628
6978
2146
4319
371
4564
280
8351
540
4249
9558
5169
8645
5848
3171
4727
2923
6201
5491
2904
9386
2071
8139
4938
7812
8841
1445
1383
9072
2914
1630
5966
1249
9483
560
7167
7068
8038
4969
2279
7865
7748
898
3473
6696
2431
8962
3948
9904
2134
4947
628
4998
2205
2706
1709
4705
7420
9335
4107
2120
538
2909
844
7702
890
6428
4263
2338
9446
8086
6542
4915
1570
2556
8221
742
4683
448
5635
2631
8695
8127
7520
8743
9176
2465
9000
3291
4056
2792
819
5221
7356
5624
6861
3796
4734
9322
7494
7826
9908
2069
9230
2551
5630
8866
5074
560
9835
8455
6934
62
4360
1964
6551
2983
6338
8478
7752
2852
2970
8988
3772
3647
732
9991
6818
356
4464
5460
2377
2055
9371
6899
7919
8331
7937
1186
8595
7215
5104
7363
5863
932
2574
864
2188
8323
6109
264
12
1592
3404
2792
9288
9068
9055
8903
6886
9818
4236
6831
7834
6715
7056
4449
962
4717
7497
1841
4602
8773
8527
8664
3409
5639
3780
8570
6983
8981
9736
8117
1589
8479
3420
7410
5555
4293
9009
4380
9485
9096
9801
7595
6788
1566
7039
6052
9895
8261
372
9193
7902
8620
5749
5551
6286
4037
8612
1435
5486
8713
6841
793
6932
1388
2055
6500
7779
7933
9684
3993
2698
4263
9242
5558
4339
397
2391
2801
5430
4141
8497
3310
1210
1883
8129
5623
7886
9762
1631
6680
1486
7769
9547
6079
2156
2703
4784
1337
5286
4183
7988
1171
1764
7488
5529
5272
6565
9692
2520
7741
6517
3626
4072
9278
3857
2414
8779
2263
1394
8251
2110
6254
449
345
6562
1466
256
4757
3972
5837
3681
4739
4246
192
8376
1623
3860
9731
9889
2527
1058
8377
6784
1329
8151
1866
252
3095
3167
6202
4629
1249
5191
1387
1997
9786
1000
4
7799
5901
3977
4674
2071
2334
7195
4087
5723
5667
9594
3733
1865
3382
63
7483
2018
8201
6230
1144
2910
4141
121
6486
1596
7117
2667
4001
1872
2077
8869
3794
5112
4706
7620
2341
7235
1502
5437
6757
6761
4063
7738
9807
6156
8062
839
7716
8173
1959
299
1199
4558
2832
3130
9609
8873
8065
1769
6490
9027
5565
4107
6194
2847
9096
89
748
4762
2820
5577
4369
3722
9585
8755
2316
3925
8861
6402
3734
5226
7319
5931
736
414
8527
1688
9645
9893
9198
9526
974
1830
3263
256
2115
2615
8310
8720
1307
3215
1148
4378
3371
2749
1554
4526
5509
7846
45
9705
6828
9558
1326
312
9714
3782
8694
6644
8092
1257
6343
7011
7716
9172
9284
4831
6517
4117
518
3039
4092
3895
6952
9615
3913
5723
8263
391
3846
2040
4960
5271
103
7058
7677
7768
6956
2241
3477
2667
3869
2017
2197
5076
3287
8970
8976
6124
8108
9731
7583
1735
4911
2344
4069
6055
4317
8973
7443
6559
5408
1429
9527
3552
6608
3916
7616
5844
6677
8160
9332
3016
8171
2267
2104
9418
7753
1289
5154
2626
6886
9295
2949
6148
3568
3627
2849
4556
9393
6367
8217
3588
562
827
9655
1436
7104
6891
2335
4718
4682
8872
9481
3428
1136
3475
5651
5508
6136
2611
8919
8265
182
6549
6511
2555
453
5586
9234
9393
1883
8280
7646
7390
9759
3614
593
9863
8443
8268
8925
8234
2516
7915
1953
1278
9598
6503
9223
2622
1369
6259
3190
8550
774
6079
2549
4576
4818
3001
6811
6295
217
305
8715
4163
1597
4540
1970
6189
6211
2000
4906
8555
4158
5044
8949
2471
8261
5595
18
8042
7591
6439
6373
5903
8784
9548
4096
4525
1420
325
606
3847
7650
2507
6931
8581
9099
2085
3457
6580
5445
4194
4253
4730
1049
3260
8173
2390
4867
7127
6525
7383
3657
5594
6140
2685
4566
2003
4183
1515
9284
579
1339
7265
7070
7643
3642
7133
6755
994
1807
2333
2041
6225
4884
387
6061
2986
3707
9646
8679
6499
3184
7475
2626
6760
8643
817
9586
1588
491
554
7586
964
9756
8491
7909
3575
3975
2242
3351
9879
9085
5638
7973
8835
6449
1440
9653
1476
11
6487
4318
4347
4751
1854
9279
8403
3111
8539
5704
7874
8633
3732
4801
5541
3768
1919
3288
4324
6324
334
7567
5287
6149
5065
693
2543
502
6133
567
1186
3243
5789
8264
558
2202
2018
4449
6907
3273
1030
6113
790
1248
7044
4665
1901
840
4288
8156
2380
7288
2476
2487
7196
720
6443
7887
1025
9802
1305
4878
1727
2293
4635
8291
583
782
4703
8082
835
7983
7587
9634
9615
5144
5331
2605
211
9295
3206
287
6657
776
1266
4501
8833
8270
9977
5045
6025
4841
8425
7139
2623
4785
1511
941
1389
6076
100
5001
6074
3623
5831
2359
7274
2619
1271
296
1032
3502
2631
239
7679
4827
4790
1025
6577
9010
8936
7238
5922
5756
6117
9068
1438
8924
4809
3744
2382
7685
6424
3789
6004
2630
9662
5073
180
4798
6229
4019
6830
3971
4824
3768
9035
6364
9658
5927
952
4725
7894
2335
6435
9221
5208
2666
2142
3234
7391
2041
2702
3638
5013
6574
5673
9105
1654
62
8671
1582
5087
4770
187
717
6490
8960
3874
5389
8864
7200
6613
7384
426
4851
8999
2375
4012
8984
9312
9909
466
5725
4513
9250
6244
7311
8325
9480
9947
7258
8872
3865
4551
8863
8402
1193
8368
6258
313
9557
2633
6707
5707
2691
8044
4121
5462
3432
7376
2774
8020
7891
281
7061
4146
7100
7907
9774
9511
5055
7047
6229
2349
4123
6501
3563
7549
1532
7917
1090
1135
8809
9337
7601
4109
6679
1318
2523
1315
8230
3337
8341
2688
7938
8521
588
2554
5736
9448
9633
9156
7312
9690
3992
6307
7445
8595
673
5396
7931
7856
1683
4012
7749
664
7803
8690
8362
9952
6028
4824
6105
615
3446
4623
4555
6892
763
6773
6341
5127
4660
1050
4223
655
4586
5694
1572
5869
5773
1036
2643
1930
4444
4410
2544
302
3843
4562
112
5930
7415
2159
1225
3971
6561
3964
478
100
9264
6779
4644
429
7429
1751
7825
3774
2140
2236
8515
1372
6633
8410
3634
7588
81
9725
8834
1490
6186
6723
2597
9381
6770
8999
571
9588
9941
1910
9352
3700
3027
6726
2645
8901
7254
5975
6277
26
254
7481
9405
7530
267
2331
6426
5441
5213
7951
6681
5623
2879
250
6276
1863
410
806
4866
3299
8727
7856
8662
2514
7174
6843
1501
5088
6829
2870
5393
2158
9103
3033
183
2004
5626
7510
2861
2812
4774
6666
2242
5115
3445
2769
9412
9454
182
7071
5774
8524
9406
9286
5970
102
3683
5308
4243
4651
408
6123
107
6566
3022
5232
9299
1584
8804
9607
9453
6079
1903
6536
6094
6140
5210
80
6197
4246
97
6595
5733
7903
103
4391
7653
9665
1585
6723
3243
1439
1732
8953
73
3861
1039
2838
9099
9183
7954
2959
68
210
4725
5856
8266
4866
8674
8207
3204
2669
9402
5064
774
5322
3041
8986
7196
5833
1186
9749
3106
2612
1038
7037
3267
9170
1642
4064
2600
8386
4092
3973
9721
2928
9312
9372
7330
5648
811
630
7197
2240
7733
953
4804
7473
7606
3897
497
448
9142
7174
9237
5687
4015
8901
6131
9230
1633
5552
7783
3010
2586
7120
8917
5366
9229
3130
2977
8123
1217
7869
1
6520
3986
6527
9844
1034
4660
3631
5484
111
9311
5134
5277
4034
2020
8419
8540
5042
545
8791
5601
7755
4336
4238
5578
156
7107
9763
3825
5297
4662
2630
3643
2945
1980
2694
5580
6520
612
2832
6603
1545
6738
3273
659
3906
2698
5944
3295
3119
7361
9883
6504
1528
9001
2561
3989
4934
3189
8932
5593
1210
6705
9541
3494
1916
9772
2895
5729
9008
2067
4262
8709
2019
981
5152
1546
5445
1703
5504
455
5777
44
1527
3330
6821
6623
6667
1971
2702
7250
8112
9442
924
5689
9781
4725
5233
3539
4318
7986
5684
6823
4471
2481
8974
5218
159
9306
4810
7472
6389
6619
3695
4946
9034
9864
1807
49
4934
8745
8669
7530
9686
4429
5197
9774
9765
1008
6850
3528
921
9073
3503
4320
774
1867
826
897
9356
7071
2962
7182
7564
4308
3932
6499
8719
5747
228
6382
1086
8114
4921
7429
9700
6710
9017
7734
6330
2734
3851
555
2778
3342
9187
5184
6353
8563
9253
7822
7326
4717
6033
253
783
6132
529
4402
6167
5894
5260
4041
9949
2201
6072
894
8213
9334
3529
5358
410
3515
6697
2020
6238
6935
2574
3245
6689
2393
2646
6941
1808
5266
2985
2298
3551
2500
826
3938
721
207
647
4211
7058
2391
8657
3417
5348
3877
3927
2636
8166
9595
3279
2636
8832
2587
5052
9826
8827
6370
5701
4290
6100
7640
7408
6567
7345
2140
4134
1419
2781
8072
9618
333
1444
4423
6158
161
173
1532
6987
5592
1378
1309
1063
4183
4179
9404
3639
6586
1489
2595
9714
1741
4598
7300
1038
8695
8716
5743
7313
8775
9815
1092
5627
3543
1872
3646
8224
1366
6971
7844
6325
1901
7016
9470
6378
564
4035
6206
2076
4758
6887
3816
6281
7777
1163
630
692
3490
3574
6774
4586
3153
7161
8235
8924
6528
6763
5774
1554
5136
261
7105
1057
3550
3703
9843
4473
2709
3964
2519
5433
4938
6777
6345
4387
8238
4366
6762
976
8144
7943
9330
9870
2859
7708
3019
8691
5736
7035
2751
7479
3076
4199
2703
7171
1989
4802
3821
2039
4586
1400
6019
404
643
2599
199
9806
3473
7104
5363
2467
1666
650
2229
141
7757
3599
8964
3849
722
790
5975
539
2975
5216
7098
7509
563
493
1689
1
6177
1182
3418
4826
2343
6758
512
3526
1559
6371
9721
2776
2386
6795
1166
7234
5525
6624
9505
5191
3374
5652
5706
6955
440
5657
897
6754
6310
5034
8671
9017
138
7148
6860
222
7753
5854
1307
3025
1057
9234
5570
5729
7523
2431
5799
7018
330
238
3634
8918
2068
9076
2564
8985
983
2704
6357
3161
3733
1392
9280
2913
962
2653
5651
6522
3364
6944
2547
139
5907
4503
1285
7460
3632
4469
9916
3314
5911
7896
2991
8857
7435
2846
2636
2639
1168
8241
4121
9739
8940
8703
7107
2951
3317
5292
3263
4817
6003
6573
7418
3513
3503
7866
2424
8612
8492
330
903
9280
8452
1364
3901
3853
1609
8140
4995
2138
8492
2486
7423
8354
4244
6482
1317
3904
545
8186
7356
4046
4516
824
168
2789
1878
8971
560
9381
3155
6194
6863
685
5084
1738
2567
4533
8783
8294
2623
4178
8447
8743
4770
5793
1145
9076
8349
8894
713
9376
475
6140
868
8350
7004
2326
5084
1190
7141
1587
8150
2973
7322
582
8122
4276
3715
8973
7988
2216
7842
8991
8370
8795
6397
3560
7270
8496
2072
4963
9568
2838
6622
6675
7054
344
8875
5943
8114
6768
8687
9431
6006
4920
1634
4876
4018
4316
4946
8763
720
8434
9149
9236
6456
8056
5259
689
3389
1296
6928
3267
5042
8783
9139
1510
6231
2314
280
9749
5423
8428
3255
8528
6325
7095
6545
5976
534
2699
4198
4313
4625
5293
5802
1576
9797
1021
8111
2211
908
9266
5093
1252
5588
6668
9942
1521
3999
3163
6281
7742
1420
4407
2022
1182
5229
5404
4103
6241
7394
5228
9707
1046
4638
1413
1794
6525
1476
3203
1579
2054
1949
8525
9156
7796
246
1692
7710
7683
7441
3279
4867
7292
7332
9001
9634
9598
2017
9552
4926
6969
4604
2294
8073
3310
4997
2220
1602
5348
6862
8789
1244
3626
2373
5276
9146
4332
5304
519
8923
8128
3450
5808
75
6623
4545
347
6208
6013
3892
8103
8983
1501
463
113
2639
4950
8568
3429
9870
6011
3967
9750
8900
1574
827
1752
8950
3806
4503
4625
4363
5565
591
3107
168
4116
4303
4215
8568
7168
3006
8179
7682
1551
4295
140
3899
4503
4052
6926
6894
8757
614
4564
6652
4832
7235
797
4036
7294
9884
6697
6797
9591
7707
7820
8726
9770
3630
4955
2803
9476
6803
1505
7777
2403
7829
6996
8353
5110
6391
9257
5767
2111
8594
9289
616
87
9285
695
8176
2682
4797
2655
544
6979
7938
4011
2520
3718
2889
5426
3906
3821
7078
7409
547
1662
8225
4108
2964
8916
3443
9385
7213
9683
1636
1525
2155
7558
1981
204
229
4618
733
3620
4570
1773
8442
9002
5669
8802
1880
8697
4914
2196
253
8519
1087
7854
2333
6003
5350
4566
6622
8089
4313
4931
3085
5967
5505
8037
535
7186
5853
1063
9483
9826
578
3515
5123
9303
5410
6312
1952
7586
3253
4341
689
4853
1832
5693
7515
7101
1264
4594
6353
4286
5725
3674
8647
3959
1639
4318
2913
7043
7930
5323
6739
9725
3298
7133
5170
5139
7188
5028
4570
6417
1533
6070
3710
9437
1931
5178
7612
8169
8560
2280
9120
3190
7732
8184
461
2537
7975
6675
8888
955
8040
8793
4183
3261
5091
4168
3175
1644
9820
4443
1074
4719
1749
6694
4300
1342
5887
1814
2254
779
6647
7888
8596
5972
8690
4279
5842
6267
6945
7579
308
9936
5973
8945
2532
8942
1316
9637
3493
8162
5428
5339
9514
7796
8612
9970
898
4096
4918
7395
5229
7544
9547
9495
5094
2899
7697
9845
1687
7896
6522
2948
9448
1246
7772
7732
5895
1103
1547
6915
136
6348
3294
8619
4234
7270
3421
1860
1315
3728
851
1428
2815
10
8710
4193
6609
7776
5052
7987
898
1267
8585
7607
8700
2848
8931
3109
2959
5843
6642
7816
8445
7203
8521
3662
3993
4269
5337
4327
2646
9341
8612
6820
2383
2150
2851
3176
6315
8494
1755
5256
397
2728
8483
7984
2397
8374
5961
5154
6779
4522
708
7526
6135
9586
8667
4166
2055
263
4396
9523
1157
1864
215
7984
9892
9436
248
3720
7304
8124
1786
9646
3386
4044
2560
3097
6382
4215
2714
9030
2944
5555
9114
7503
5730
3731
9033
2772
5168
7847
3932
2301
1306
8723
85
7435
8640
6908
6131
4488
3933
4531
640
9942
5673
8243
923
5796
7306
5268
2450
2166
392
1399
8751
2690
1972
3288
9975
3506
583
1874
7731
7970
4030
2385
8066
5118
5762
6909
9255
3357
9029
4906
8014
5357
8790
6669
7713
4523
3094
3494
4181
1568
5677
8209
516
8387
1179
9128
8487
7091
6243
4013
6927
9484
6272
4477
9439
9798
3398
1325
3138
7159
7012
2764
4165
3018
5105
7532
8427
9357
4915
5021
8905
8591
21
1706
2149
1178
888
3594
6468
791
6129
4488
1535
6991
5407
9447
7338
1866
52
6775
6631
4812
6778
6484
9625
1584
9581